10 29
879 993 842 426 42 937 264 226 59 844
4 10 8 7 1 6 5 2 9 6

100 253
788 372 268 474 397 672 533 470 873 243 459 726 619 38 626 566 395 753 969 40 988 761 67 339 451 653 10 78 119 805 322 648 231 879 711 605 916 777 381 125 551 852 126 813 662 498 332 961 188 543 80 116 302 504 472 934 983 425 353 57 359 512 500 790 954 551 53 757 31 405 376 50 205 132 465 806 311 531 527 146 966 380 667 789 637 390 29 951 854 464 901 368 296 48 260 122 58 950 434 955
1 2 8 5 10 6 8 1 5 7 2 1 3 8 1 1 9 8 2 2 9 2 5 9 4 6 10 7 9 9 2 8 8 10 4 1 1 6 6 5 4 2 7 3 6 8 3 2 2 1 5 6 2 1 7 9 9 3 6 5 3 3 4 5 6 6 10 10 6 3 10 9 7 1 6 2 4 1 2 2 7 8 8 4 2 5 4 7 9 10 4 3 2 1 1 10 6 5 4 5

500 12765
830 509 462 342 168 858 138 869 124 692 941 556 243 993 556 944 222 281 896 599 45 117 283 41 233 574 70 517 579 500 578 758 435 771 882 440 234 227 755 278 252 335 138 579 903 627 612 252 129 583 302 749 389 674 244 726 781 648 263 674 717 181 153 661 865 299 840 943 984 362 480 974 913 385 441 39 530 581 742 456 745 339 319 128 604 584 862 310 755 487 495 956 553 961 61 730 426 611 335 571 725 372 598 871 73 848 133 939 950 488 971 901 707 223 543 770 161 153 754 551 858 130 753 104 991 308 487 598 193 156 545 445 464 827 799 832 891 708 409 375 473 82 257 524 131 71 817 53 415 829 593 596 335 538 392 503 136 806 293 341 721 944 328 290 462 30 785 829 426 892 152 183 658 971 576 214 54 960 956 507 302 13 873 645 242 801 681 628 748 29 389 826 72 836 921 235 345 298 203 262 403 191 564 954 123 198 574 600 945 64 14 363 155 310 869 822 813 761 465 592 78 264 345 589 229 65 487 938 231 136 570 861 465 777 444 412 460 384 812 456 713 304 946 445 24 50 174 467 330 781 228 359 25 509 988 117 663 60 620 630 203 659 188 360 553 206 927 385 619 389 592 375 936 202 786 192 161 368 907 549 47 764 155 915 651 999 288 863 282 767 205 953 867 76 351 434 632 491 301 396 96 478 459 933 293 91 506 395 205 216 469 962 65 65 75 495 28 888 923 70 292 735 823 242 897 653 574 719 638 613 656 159 143 82 829 642 439 492 877 414 394 923 497 139 119 73 120 781 353 181 806 775 572 318 151 591 467 551 885 329 280 315 671 118 800 61 515 910 710 468 290 248 824 689 182 878 229 698 147 32 203 631 379 184 994 209 610 47 954 465 343 30 636 772 658 36 363 785 780 70 223 521 465 102 234 190 484 989 704 363 829 926 684 524 738 643 286 79 502 956 513 337 806 852 261 817 601 606 918 601 564 483 837 450 384 78 411 642 454 783 451 102 124 221 698 188 124 877 357 912 174 299 702 106 610 853 323 781 91 858 506 660 185 632 817 93 962 687 389 618 438 910 307 244 607 548 997 212 871 36 81 947 218 562 114 326 621 152 44 225 964 163 558 773 289 602 283 767 680 879
70 4 11 30 3 96 94 45 99 55 99 64 76 49 8 98 40 46 21 19 28 27 39 40 43 11 81 41 97 6 30 91 9 23 55 92 73 69 49 43 25 29 49 26 62 74 11 17 39 73 14 52 63 77 39 71 4 57 57 96 1 28 36 82 54 88 80 30 50 67 84 82 90 72 60 28 26 74 66 66 30 6 80 1 52 93 2 66 32 50 94 20 77 21 46 2 85 69 58 71 74 84 93 100 31 92 78 38 48 20 5 67 25 1 87 73 65 30 84 6 49 22 93 62 69 50 22 50 75 58 19 48 62 31 75 33 20 22 20 86 59 11 74 13 17 57 11 23 6 27 49 38 99 80 7 61 3 68 83 16 65 66 15 96 40 62 26 5 100 58 45 74 91 8 12 92 63 16 100 23 17 96 19 62 78 86 92 6 33 58 81 81 81 81 33 65 28 58 42 21 24 88 50 100 62 97 74 97 13 82 44 75 49 94 97 74 95 56 61 18 72 44 88 34 4 15 58 74 44 11 36 17 8 54 5 33 70 35 41 78 57 51 81 39 40 98 21 48 33 41 8 38 4 73 57 3 42 63 11 52 80 53 59 32 52 96 57 64 60 25 16 45 41 82 12 46 8 75 97 52 29 73 62 23 19 4 95 97 35 3 100 35 72 93 93 79 82 71 77 71 97 48 56 54 24 87 80 26 56 43 39 79 20 30 57 2 67 45 13 12 77 4 24 79 89 91 23 84 79 71 69 31 50 42 83 13 58 64 27 49 55 70 77 77 74 53 59 65 38 37 94 67 66 91 84 36 29 65 54 82 5 27 64 85 3 27 33 22 55 94 31 28 3 81 100 52 29 3 30 72 58 37 74 13 49 9 70 75 89 49 34 51 6 26 5 98 23 21 48 47 88 85 12 26 62 48 36 62 63 30 36 27 75 99 98 74 34 79 25 15 56 87 60 17 72 68 23 6 61 40 74 96 27 18 44 97 89 13 39 10 65 97 84 54 98 22 13 3 86 86 79 40 33 48 12 92 84 100 8 39 39 65 36 64 87 53 33 80 65 90 33 52 97 44 40 43 87 18 59 84 9 22 63 12 23 91 37 70 31 30 27 91 62 18 4 7 39 90 8 5

30 15
446 408 240 503 779 634 671 308 417 651 271 178 293 435 288 157 562 810 320 940 892 141 372 219 25 126 794 712 503 457
1 1 1 1 1 1 1 1 1 1 1 1 1 1 1 1 1 1 1 1 1 1 1 1 1 1 1 1 1 1

30 6558
148 73 548 330 729 892 400 657 453 490 66 828 966 381 16 775 62 808 474 337 197 280 674 252 49 339 979 455 30 181
558 700 332 339 348 447 984 18 298 329 54 119 551 276 309 45 839 228 628 896 176 954 351 652 559 304 203 764 295 560

30 664
38 11 67 22 15 17 65 45 43 80 49 90 84 18 13 96 31 3 1 43 31 70 34 86 49 10 80 30 86 21
38 11 67 22 15 17 65 45 43 80 49 90 84 18 13 96 31 3 1 43 31 70 34 86 49 10 80 30 86 21

10 103
545 754 575 249 997 616 84 167 652 273
104 942 546 144 500 462 183 964 291 275
